# Redshift  MKO->GROND  MMT->GROND  VISTA->GROND  SUBARU->GROND  UKIRT->GROND  FourStar->GROND  SOFI->GROND
5.70  0.056891  0.054337  0.041507  0.047426  0.053744  0.044242  0.028063
5.71  0.056692  0.054335  0.041468  0.047108  0.053976  0.044095  0.028031
5.72  0.056385  0.054289  0.041407  0.046734  0.054092  0.043966  0.027973
5.73  0.055984  0.054185  0.041326  0.046307  0.054120  0.043866  0.027934
5.74  0.055515  0.054017  0.041239  0.045834  0.053988  0.043802  0.027899
5.75  0.054998  0.053779  0.041157  0.045327  0.053780  0.043785  0.027869
5.76  0.054440  0.053470  0.041073  0.044803  0.053427  0.043813  0.027873
5.77  0.053831  0.053086  0.040982  0.044282  0.052954  0.043879  0.027900
5.78  0.053154  0.052622  0.040882  0.043768  0.052396  0.043974  0.027948
5.79  0.052392  0.052067  0.040745  0.043254  0.051682  0.044081  0.028008
5.80  0.051517  0.051410  0.040538  0.042724  0.050890  0.044190  0.028066
5.81  0.050529  0.050640  0.040260  0.042165  0.049908  0.044298  0.028116
5.82  0.049419  0.049746  0.039899  0.041564  0.048876  0.044410  0.028149
5.83  0.048197  0.048718  0.039451  0.040912  0.047669  0.044538  0.028171
5.84  0.046865  0.047539  0.038909  0.040199  0.046379  0.044691  0.028199
5.85  0.045413  0.046188  0.038259  0.039419  0.044880  0.044873  0.028218
5.86  0.043834  0.044639  0.037513  0.038557  0.043281  0.045078  0.028243
5.87  0.042115  0.042870  0.036629  0.037597  0.041454  0.045288  0.028288
5.88  0.040231  0.040854  0.035627  0.036512  0.039430  0.045479  0.028351
5.89  0.038177  0.038561  0.034485  0.035275  0.037191  0.045624  0.028427
5.90  0.035896  0.035960  0.033191  0.033850  0.034655  0.045711  0.028522
5.91  0.033366  0.033023  0.031738  0.032206  0.031894  0.045731  0.028659
5.92  0.030525  0.029740  0.030132  0.030316  0.028866  0.045684  0.028841
5.93  0.027365  0.026130  0.028346  0.028166  0.025643  0.045571  0.029076
5.94  0.023895  0.022253  0.026410  0.025739  0.022231  0.045392  0.029379
5.95  0.020194  0.018211  0.024298  0.023014  0.018721  0.045150  0.029765
5.96  0.016393  0.014123  0.022030  0.019978  0.015206  0.044847  0.030255
5.97  0.012627  0.010115  0.019632  0.016641  0.011653  0.044483  0.030868
5.98  0.009029  0.006291  0.017144  0.013066  0.008316  0.044058  0.031629
5.99  0.005682  0.002730  0.014572  0.009370  0.005101  0.043561  0.032558
6.00  0.002630  -0.000517  0.011965  0.005700  0.002116  0.042984  0.033683
6.01  -0.000107  -0.003412  0.009351  0.002197  -0.000587  0.042316  0.035027
6.02  -0.002519  -0.005935  0.006742  -0.001049  -0.003081  0.041543  0.036605
6.03  -0.004591  -0.008076  0.004175  -0.003988  -0.005269  0.040651  0.038427
6.04  -0.006339  -0.009845  0.001711  -0.006610  -0.007213  0.039617  0.040476
6.05  -0.007765  -0.011266  -0.000632  -0.008904  -0.008868  0.038418  0.042754
6.06  -0.008899  -0.012385  -0.002839  -0.010869  -0.010320  0.037038  0.045234
6.07  -0.009778  -0.013255  -0.004853  -0.012524  -0.011559  0.035476  0.047891
6.08  -0.010441  -0.013934  -0.006658  -0.013900  -0.012597  0.033757  0.050682
6.09  -0.010919  -0.014470  -0.008245  -0.015025  -0.013460  0.031940  0.053553
6.10  -0.011250  -0.014905  -0.009620  -0.015925  -0.014175  0.030108  0.056470
6.11  -0.011472  -0.015264  -0.010782  -0.016623  -0.014733  0.028353  0.059363
6.12  -0.011623  -0.015558  -0.011765  -0.017138  -0.015189  0.026759  0.062192
6.13  -0.011748  -0.015791  -0.012594  -0.017513  -0.015536  0.025387  0.064886
6.14  -0.011883  -0.015973  -0.013317  -0.017811  -0.015814  0.024274  0.067372
6.15  -0.012059  -0.016121  -0.013996  -0.018104  -0.016082  0.023440  0.069588
6.16  -0.012301  -0.016271  -0.014687  -0.018453  -0.016383  0.022886  0.071458
6.17  -0.012649  -0.016484  -0.015448  -0.018907  -0.016777  0.022594  0.072919
6.18  -0.013159  -0.016841  -0.016372  -0.019523  -0.017333  0.022533  0.073870
6.19  -0.013889  -0.017417  -0.017518  -0.020375  -0.018109  0.022677  0.074259
6.20  -0.014892  -0.018284  -0.018958  -0.021536  -0.019193  0.023002  0.074025
6.21  -0.016181  -0.019463  -0.020699  -0.023036  -0.020602  0.023529  0.073143
6.22  -0.017725  -0.020926  -0.022706  -0.024837  -0.022277  0.024319  0.071651
6.23  -0.019451  -0.022593  -0.024889  -0.026841  -0.024140  0.025464  0.069631
6.24  -0.021252  -0.024348  -0.027108  -0.028898  -0.026061  0.027067  0.067192
6.25  -0.023017  -0.026069  -0.029246  -0.030873  -0.027944  0.029198  0.064480
6.26  -0.024651  -0.027657  -0.031186  -0.032663  -0.029631  0.031849  0.061613
6.27  -0.026096  -0.029046  -0.032872  -0.034208  -0.031100  0.034925  0.058684
6.28  -0.027320  -0.030205  -0.034278  -0.035487  -0.032314  0.038254  0.055782
6.29  -0.028314  -0.031124  -0.035381  -0.036504  -0.033260  0.041630  0.052981
6.30  -0.029068  -0.031806  -0.036203  -0.037280  -0.033963  0.044867  0.050321
6.31  -0.029582  -0.032261  -0.036740  -0.037837  -0.034409  0.047827  0.047830
6.32  -0.029852  -0.032495  -0.037020  -0.038198  -0.034632  0.050460  0.045538
6.33  -0.029882  -0.032519  -0.037034  -0.038372  -0.034637  0.052775  0.043460
6.34  -0.029678  -0.032340  -0.036803  -0.038363  -0.034425  0.054819  0.041603
6.35  -0.029250  -0.031967  -0.036327  -0.038186  -0.033997  0.056636  0.039948
6.36  -0.028599  -0.031407  -0.035608  -0.037851  -0.033364  0.058255  0.038494
6.37  -0.027727  -0.030669  -0.034656  -0.037354  -0.032533  0.059693  0.037217
6.38  -0.026626  -0.029753  -0.033456  -0.036688  -0.031477  0.060958  0.036117
6.39  -0.025290  -0.028655  -0.031996  -0.035833  -0.030175  0.062059  0.035191
6.40  -0.023711  -0.027367  -0.030273  -0.034776  -0.028608  0.063009  0.034412
6.41  -0.021873  -0.025870  -0.028267  -0.033512  -0.026783  0.063825  0.033742
6.42  -0.019748  -0.024140  -0.025950  -0.032049  -0.024665  0.064528  0.033158
6.43  -0.017293  -0.022146  -0.023311  -0.030381  -0.022267  0.065141  0.032656
6.44  -0.014445  -0.019851  -0.020313  -0.028493  -0.019566  0.065682  0.032202
6.45  -0.011142  -0.017217  -0.016908  -0.026359  -0.016500  0.066173  0.031771
6.46  -0.007313  -0.014218  -0.013068  -0.023941  -0.013060  0.066629  0.031363
6.47  -0.002893  -0.010835  -0.008768  -0.021186  -0.009215  0.067063  0.030983
6.48  0.002167  -0.007064  -0.003970  -0.018020  -0.004933  0.067483  0.030626
6.49  0.007880  -0.002909  0.001322  -0.014364  -0.000200  0.067888  0.030285
6.50  0.014227  0.001615  0.007066  -0.010142  0.004916  0.068265  0.029967
6.51  0.021138  0.006490  0.013182  -0.005287  0.010405  0.068599  0.029675
6.52  0.028479  0.011695  0.019569  0.000239  0.016258  0.068871  0.029397
6.53  0.036038  0.017206  0.026046  0.006427  0.022330  0.069065  0.029143
6.54  0.043540  0.022993  0.032422  0.013222  0.028500  0.069170  0.028931
6.55  0.050678  0.029015  0.038508  0.020474  0.034661  0.069180  0.028758
6.56  0.057183  0.035218  0.044113  0.027949  0.040656  0.069104  0.028604
6.57  0.062891  0.041522  0.049108  0.035397  0.046349  0.068956  0.028463
6.58  0.067724  0.047825  0.053421  0.042536  0.051628  0.068758  0.028343
6.59  0.071736  0.054005  0.057054  0.049155  0.056454  0.068535  0.028252
6.60  0.075052  0.059925  0.060064  0.055142  0.060803  0.068314  0.028182
6.61  0.077833  0.065459  0.062542  0.060447  0.064663  0.068119  0.028109
6.62  0.080240  0.070506  0.064606  0.065090  0.068038  0.067967  0.028054
6.63  0.082370  0.075004  0.066344  0.069071  0.070945  0.067862  0.028030
6.64  0.084288  0.078936  0.067866  0.072408  0.073561  0.067798  0.028011
6.65  0.086020  0.082322  0.069209  0.075136  0.075821  0.067765  0.028023
6.66  0.087582  0.085216  0.070457  0.077342  0.077791  0.067748  0.028053
6.67  0.088966  0.087686  0.071644  0.079163  0.079531  0.067731  0.028100
6.68  0.090190  0.089800  0.072768  0.080741  0.081040  0.067700  0.028179
6.69  0.091266  0.091615  0.073882  0.082198  0.082376  0.067632  0.028267
6.70  0.092241  0.093177  0.074948  0.083597  0.083475  0.067514  0.028387
6.71  0.093117  0.094526  0.076006  0.084955  0.084449  0.067337  0.028524
6.72  0.093927  0.095693  0.077022  0.086247  0.085318  0.067101  0.028663
6.73  0.094681  0.096703  0.078026  0.087431  0.086100  0.066809  0.028848
6.74  0.095411  0.097576  0.078999  0.088474  0.086802  0.066466  0.029052
6.75  0.096111  0.098329  0.079938  0.089363  0.087486  0.066084  0.029263
6.76  0.096763  0.098973  0.080833  0.090114  0.088171  0.065668  0.029497
6.77  0.097344  0.099524  0.081666  0.090754  0.088833  0.065236  0.029722
6.78  0.097826  0.099992  0.082431  0.091304  0.089480  0.064785  0.029988
6.79  0.098200  0.100387  0.083133  0.091777  0.090117  0.064328  0.030266
6.80  0.098423  0.100716  0.083764  0.092182  0.090799  0.063862  0.030565
6.81  0.098497  0.100984  0.084323  0.092530  0.091492  0.063397  0.030901
6.82  0.098417  0.101192  0.084793  0.092836  0.092183  0.062933  0.031224
6.83  0.098204  0.101336  0.085182  0.093103  0.092838  0.062476  0.031582
6.84  0.097870  0.101416  0.085493  0.093332  0.093416  0.062028  0.031925
6.85  0.097445  0.101427  0.085730  0.093519  0.093893  0.061590  0.032308
6.86  0.096952  0.101360  0.085909  0.093647  0.094326  0.061163  0.032621
6.87  0.096412  0.101214  0.086034  0.093693  0.094623  0.060756  0.032946
6.88  0.095844  0.100984  0.086099  0.093639  0.094769  0.060372  0.033205
6.89  0.095260  0.100666  0.086103  0.093465  0.094804  0.060018  0.033445
6.90  0.094673  0.100256  0.086044  0.093164  0.094656  0.059697  0.033575
6.91  0.094063  0.099747  0.085930  0.092734  0.094332  0.059408  0.033682
6.92  0.093421  0.099134  0.085740  0.092187  0.093906  0.059156  0.033670
6.93  0.092699  0.098405  0.085450  0.091527  0.093329  0.058941  0.033568
6.94  0.091909  0.097558  0.085057  0.090776  0.092573  0.058766  0.033374
6.95  0.091044  0.096589  0.084539  0.089953  0.091641  0.058639  0.033073
6.96  0.090062  0.095506  0.083916  0.089070  0.090621  0.058568  0.032686
6.97  0.088983  0.094320  0.083168  0.088129  0.089558  0.058566  0.032211
6.98  0.087834  0.093045  0.082297  0.087128  0.088495  0.058647  0.031712
6.99  0.086643  0.091701  0.081319  0.086059  0.087364  0.058823  0.031154
7.00  0.085395  0.090301  0.080243  0.084895  0.086234  0.059094  0.030570
7.01  0.084135  0.088871  0.079071  0.083636  0.085099  0.059461  0.030009
7.02  0.082909  0.087424  0.077811  0.082294  0.083979  0.059911  0.029465
7.03  0.081711  0.085987  0.076483  0.080890  0.082919  0.060434  0.028946
7.04  0.080575  0.084572  0.075108  0.079440  0.081895  0.061007  0.028497
7.05  0.079536  0.083196  0.073704  0.078010  0.080936  0.061620  0.028111
7.06  0.078566  0.081868  0.072261  0.076664  0.080022  0.062242  0.027821
7.07  0.077680  0.080597  0.070808  0.075452  0.079070  0.062863  0.027628
7.08  0.076899  0.079394  0.069337  0.074398  0.078142  0.063453  0.027510
7.09  0.076202  0.078272  0.067866  0.073516  0.077271  0.063996  0.027507
7.10  0.075632  0.077240  0.066387  0.072783  0.076390  0.064459  0.027585
7.11  0.075198  0.076307  0.064917  0.072171  0.075527  0.064833  0.027745
7.12  0.074887  0.075479  0.063468  0.071657  0.074628  0.065106  0.027955
7.13  0.074691  0.074761  0.062047  0.071206  0.073765  0.065289  0.028223
7.14  0.074601  0.074153  0.060680  0.070778  0.072959  0.065391  0.028543
7.15  0.074604  0.073658  0.059390  0.070346  0.072252  0.065437  0.028912
7.16  0.074675  0.073274  0.058221  0.069887  0.071668  0.065442  0.029305
7.17  0.074818  0.073004  0.057182  0.069398  0.071166  0.065432  0.029741
7.18  0.075020  0.072846  0.056330  0.068898  0.070988  0.065418  0.030232
7.19  0.075273  0.072796  0.055733  0.068414  0.071034  0.065413  0.030762
7.20  0.075578  0.072846  0.055365  0.067964  0.071233  0.065415  0.031319
7.21  0.075927  0.072991  0.055246  0.067565  0.071847  0.065422  0.031927
7.22  0.076313  0.073225  0.055412  0.067227  0.072659  0.065421  0.032550
7.23  0.076769  0.073540  0.055809  0.066963  0.073471  0.065407  0.033220
7.24  0.077287  0.073937  0.056416  0.066777  0.074671  0.065377  0.033876
7.25  0.077870  0.074418  0.057228  0.066672  0.075873  0.065335  0.034583
7.26  0.078540  0.074980  0.058231  0.066641  0.076995  0.065281  0.035264
7.27  0.079308  0.075620  0.059410  0.066680  0.078359  0.065222  0.035952
7.28  0.080158  0.076334  0.060776  0.066790  0.079680  0.065158  0.036628
7.29  0.081095  0.077118  0.062288  0.066973  0.080906  0.065085  0.037290
7.30  0.082086  0.077963  0.063914  0.067246  0.082244  0.064997  0.037922
7.31  0.083111  0.078855  0.065632  0.067622  0.083439  0.064877  0.038520
7.32  0.084134  0.079793  0.067386  0.068118  0.084587  0.064721  0.039086
7.33  0.085104  0.080756  0.069131  0.068744  0.085658  0.064528  0.039602
7.34  0.085994  0.081736  0.070830  0.069494  0.086557  0.064305  0.040051
7.35  0.086772  0.082718  0.072449  0.070359  0.087389  0.064063  0.040490
7.36  0.087428  0.083688  0.073956  0.071318  0.088014  0.063821  0.040872
7.37  0.087925  0.084620  0.075335  0.072358  0.088529  0.063601  0.041243
7.38  0.088253  0.085497  0.076566  0.073461  0.088920  0.063411  0.041609
7.39  0.088411  0.086291  0.077638  0.074603  0.089105  0.063270  0.041977
7.40  0.088359  0.086969  0.078538  0.075737  0.089175  0.063185  0.042349
7.41  0.088090  0.087500  0.079252  0.076810  0.089054  0.063151  0.042722
7.42  0.087624  0.087852  0.079791  0.077770  0.088736  0.063158  0.043130
7.43  0.086964  0.087984  0.080141  0.078569  0.088208  0.063194  0.043524
7.44  0.086111  0.087862  0.080327  0.079199  0.087460  0.063246  0.043908
7.45  0.085089  0.087438  0.080339  0.079662  0.086463  0.063290  0.044309
7.46  0.083901  0.086660  0.080167  0.079949  0.085140  0.063321  0.044656
7.47  0.082520  0.085478  0.079803  0.080054  0.083491  0.063328  0.044982
7.48  0.080893  0.083821  0.079224  0.079938  0.081425  0.063294  0.045278
7.49  0.078987  0.081648  0.078431  0.079577  0.078924  0.063232  0.045522
7.50  0.076716  0.078887  0.077390  0.078926  0.075972  0.063139  0.045725
7.51  0.073976  0.075501  0.076072  0.077932  0.072509  0.063008  0.045938
7.52  0.070699  0.071458  0.074459  0.076548  0.068529  0.062860  0.046065
7.53  0.066773  0.066740  0.072520  0.074719  0.064145  0.062696  0.046195
7.54  0.062162  0.061402  0.070247  0.072399  0.059235  0.062527  0.046358
7.55  0.056875  0.055486  0.067627  0.069550  0.054034  0.062372  0.046466
7.56  0.050953  0.049145  0.064665  0.066133  0.048505  0.062239  0.046650
7.57  0.044584  0.042552  0.061369  0.062124  0.042834  0.062146  0.046932
7.58  0.037940  0.035885  0.057781  0.057505  0.037111  0.062101  0.047257
7.59  0.031272  0.029367  0.053950  0.052323  0.031487  0.062107  0.047727
7.60  0.024829  0.023144  0.049914  0.046672  0.026041  0.062173  0.048364
7.61  0.018767  0.017378  0.045740  0.040681  0.020865  0.062286  0.049157
7.62  0.013272  0.012161  0.041482  0.034514  0.016124  0.062422  0.050144
7.63  0.008368  0.007540  0.037217  0.028370  0.011706  0.062561  0.051319
7.64  0.004149  0.003564  0.033009  0.022460  0.007915  0.062665  0.052794
7.65  0.000579  0.000194  0.028919  0.016975  0.004438  0.062684  0.054417
7.66  -0.002335  -0.002558  0.025024  0.012072  0.001580  0.062585  0.056304
7.67  -0.004630  -0.004756  0.021366  0.007828  -0.000853  0.062308  0.058487
7.68  -0.006347  -0.006423  0.018004  0.004276  -0.002829  0.061792  0.060834
7.69  -0.007535  -0.007615  0.014955  0.001385  -0.004351  0.060993  0.063401
7.70  -0.008255  -0.008394  0.012252  -0.000906  -0.005501  0.059843  0.066166
7.71  -0.008573  -0.008798  0.009900  -0.002657  -0.006291  0.058315  0.069157
7.72  -0.008586  -0.008911  0.007872  -0.003951  -0.006753  0.056397  0.072222
7.73  -0.008360  -0.008778  0.006142  -0.004850  -0.007057  0.054098  0.075367
7.74  -0.008005  -0.008475  0.004652  -0.005445  -0.007079  0.051487  0.078652
7.75  -0.007575  -0.008059  0.003365  -0.005820  -0.007116  0.048644  0.081930
7.76  -0.007170  -0.007592  0.002218  -0.006060  -0.006969  0.045680  0.085190
7.77  -0.006803  -0.007144  0.001156  -0.006267  -0.006919  0.042706  0.088360
7.78  -0.006560  -0.006770  0.000133  -0.006501  -0.006861  0.039789  0.091541
7.79  -0.006447  -0.006536  -0.000906  -0.006835  -0.006944  0.037001  0.094565
7.80  -0.006512  -0.006490  -0.002003  -0.007309  -0.007181  0.034355  0.097433
7.81  -0.006774  -0.006679  -0.003190  -0.007965  -0.007596  0.031854  0.100122
7.82  -0.007238  -0.007135  -0.004489  -0.008844  -0.008230  0.029481  0.102724
7.83  -0.007905  -0.007857  -0.005899  -0.009956  -0.009042  0.027227  0.105116
7.84  -0.008751  -0.008852  -0.007442  -0.011326  -0.010090  0.025072  0.107274
7.85  -0.009758  -0.010098  -0.009102  -0.012929  -0.011289  0.023004  0.109174
7.86  -0.010935  -0.011601  -0.010890  -0.014770  -0.012695  0.021010  0.110819
7.87  -0.012270  -0.013330  -0.012829  -0.016790  -0.014265  0.019074  0.112328
7.88  -0.013753  -0.015281  -0.014928  -0.018968  -0.016035  0.017187  0.113517
7.89  -0.015409  -0.017430  -0.017175  -0.021280  -0.017958  0.015316  0.114487
7.90  -0.017252  -0.019777  -0.019607  -0.023736  -0.020078  0.013451  0.115185
7.91  -0.019293  -0.022315  -0.022260  -0.026330  -0.022395  0.011535  0.115697
7.92  -0.021552  -0.025035  -0.025149  -0.029069  -0.024955  0.009577  0.115943
7.93  -0.024051  -0.027932  -0.028289  -0.031951  -0.027721  0.007539  0.115916
7.94  -0.026805  -0.031025  -0.031718  -0.034995  -0.030757  0.005451  0.115634
7.95  -0.029887  -0.034330  -0.035454  -0.038225  -0.034056  0.003281  0.115107
7.96  -0.033305  -0.037866  -0.039532  -0.041685  -0.037688  0.001043  0.114289
7.97  -0.037071  -0.041636  -0.043946  -0.045415  -0.041613  -0.001259  0.113246
7.98  -0.041172  -0.045655  -0.048695  -0.049443  -0.045828  -0.003579  0.112107
7.99  -0.045584  -0.049899  -0.053740  -0.053772  -0.050377  -0.005886  0.111032
8.00  -0.050242  -0.054345  -0.059017  -0.058357  -0.055090  -0.008118  0.109898
8.01  -0.055079  -0.058946  -0.064469  -0.063159  -0.060034  -0.010215  0.108686
8.02  -0.060000  -0.063633  -0.069975  -0.068076  -0.064991  -0.012068  0.107570
8.03  -0.064988  -0.068388  -0.075510  -0.073084  -0.070046  -0.013610  0.106730
8.04  -0.069923  -0.073087  -0.080924  -0.078071  -0.074961  -0.014756  0.106208
8.05  -0.074746  -0.077707  -0.086163  -0.083005  -0.079763  -0.015450  0.105813
8.06  -0.079418  -0.082174  -0.091156  -0.087833  -0.084325  -0.015719  0.105501
8.07  -0.083844  -0.086436  -0.095836  -0.092485  -0.088644  -0.015473  0.105297
8.08  -0.088087  -0.090516  -0.100227  -0.096987  -0.092751  -0.014837  0.105178
8.09  -0.092004  -0.094347  -0.104244  -0.101233  -0.096487  -0.013762  0.105077
8.10  -0.095710  -0.097993  -0.107948  -0.105279  -0.100080  -0.012336  0.104848
8.11  -0.099194  -0.101502  -0.111397  -0.109162  -0.103410  -0.010655  0.104348
8.12  -0.102571  -0.104948  -0.114652  -0.112959  -0.106666  -0.008685  0.103638
8.13  -0.106017  -0.108558  -0.117945  -0.116916  -0.110056  -0.006658  0.102412
8.14  -0.109678  -0.112432  -0.121396  -0.121134  -0.113637  -0.004609  0.100605
8.15  -0.113691  -0.116726  -0.125199  -0.125772  -0.117681  -0.002617  0.097934
8.16  -0.118240  -0.121604  -0.129518  -0.131001  -0.122332  -0.000809  0.094226
8.17  -0.123267  -0.127014  -0.134304  -0.136758  -0.127474  0.001042  0.089677
8.18  -0.128745  -0.132908  -0.139530  -0.143008  -0.133087  0.003075  0.084438
8.19  -0.134488  -0.139120  -0.145043  -0.149572  -0.139097  0.005477  0.078585
8.20  -0.140189  -0.145310  -0.150493  -0.156078  -0.145073  0.008710  0.072327
8.21  -0.145624  -0.151256  -0.155682  -0.162299  -0.150792  0.012936  0.065871
8.22  -0.150609  -0.156749  -0.160400  -0.167974  -0.156039  0.018339  0.059550
8.23  -0.154971  -0.161570  -0.164469  -0.172943  -0.160637  0.025100  0.053690
8.24  -0.158630  -0.165671  -0.167842  -0.177140  -0.164554  0.032863  0.048350
8.25  -0.161605  -0.168990  -0.170451  -0.180568  -0.167653  0.041344  0.043565
8.26  -0.163778  -0.171480  -0.172265  -0.183201  -0.169976  0.050148  0.039276
8.27  -0.165188  -0.173170  -0.173296  -0.185083  -0.171511  0.058689  0.035465
8.28  -0.165857  -0.174088  -0.173582  -0.186264  -0.172250  0.066685  0.032204
8.29  -0.165763  -0.174297  -0.173147  -0.186741  -0.172337  0.073928  0.029479
8.30  -0.164977  -0.173874  -0.172037  -0.186600  -0.171778  0.080268  0.027217
8.31  -0.163525  -0.172875  -0.170315  -0.185853  -0.170597  0.085756  0.025261
8.32  -0.161424  -0.171344  -0.167995  -0.184562  -0.168937  0.090485  0.023573
8.33  -0.158697  -0.169321  -0.165102  -0.182777  -0.166712  0.094552  0.022112
8.34  -0.155341  -0.166830  -0.161649  -0.180476  -0.163927  0.098057  0.020853
8.35  -0.151401  -0.163911  -0.157664  -0.177722  -0.160711  0.101127  0.019836
8.36  -0.146901  -0.160585  -0.153166  -0.174465  -0.157093  0.103841  0.019028
8.37  -0.141821  -0.156855  -0.148197  -0.170693  -0.153020  0.106230  0.018403
8.38  -0.136296  -0.152736  -0.142804  -0.166433  -0.148454  0.108354  0.017866
8.39  -0.130363  -0.148231  -0.137024  -0.161611  -0.143444  0.110236  0.017379
8.40  -0.124014  -0.143334  -0.130894  -0.156262  -0.138102  0.111872  0.017020
8.41  -0.117474  -0.138052  -0.124435  -0.150464  -0.132311  0.113301  0.016764
8.42  -0.110698  -0.132376  -0.117690  -0.144242  -0.126161  0.114527  0.016652
8.43  -0.103712  -0.126289  -0.110653  -0.137721  -0.119698  0.115563  0.016640
8.44  -0.096572  -0.119777  -0.103349  -0.130996  -0.112790  0.116452  0.016719
8.45  -0.089210  -0.112830  -0.095748  -0.124050  -0.105398  0.117209  0.016908
8.46  -0.081499  -0.105432  -0.087768  -0.116965  -0.097673  0.117859  0.017153
8.47  -0.073337  -0.097570  -0.079353  -0.109738  -0.089734  0.118448  0.017453
8.48  -0.064632  -0.089227  -0.070422  -0.102308  -0.081363  0.118987  0.017793
8.49  -0.055136  -0.080382  -0.060865  -0.094685  -0.072366  0.119491  0.018127
8.50  -0.044818  -0.071014  -0.050619  -0.086824  -0.062819  0.119997  0.018458
8.51  -0.033540  -0.061126  -0.039603  -0.078600  -0.052588  0.120501  0.018866
8.52  -0.021149  -0.050729  -0.027786  -0.069911  -0.041521  0.120998  0.019315
8.53  -0.007541  -0.039827  -0.015134  -0.060647  -0.029776  0.121488  0.019804
8.54  0.007154  -0.028433  -0.001696  -0.050633  -0.017411  0.121945  0.020266
8.55  0.022997  -0.016558  0.012473  -0.039652  -0.004430  0.122335  0.020666
8.56  0.039878  -0.004191  0.027169  -0.027556  0.009174  0.122644  0.021076
8.57  0.057471  0.008672  0.042190  -0.014194  0.023399  0.122852  0.021514
8.58  0.075242  0.022032  0.057184  0.000539  0.038009  0.122935  0.022005
8.59  0.092801  0.035879  0.071875  0.016664  0.052748  0.122885  0.022545
8.60  0.109611  0.050187  0.085883  0.033916  0.067325  0.122692  0.023106
8.61  0.125033  0.064875  0.098916  0.051817  0.081618  0.122335  0.023692
8.62  0.138683  0.079845  0.110704  0.069769  0.095312  0.121816  0.024264
8.63  0.150536  0.094946  0.121118  0.087182  0.108102  0.121146  0.024789
8.64  0.160601  0.109986  0.130149  0.103509  0.119997  0.120342  0.025317
8.65  0.169004  0.124733  0.137821  0.118564  0.131021  0.119437  0.025842
8.66  0.176024  0.138934  0.144333  0.132384  0.141199  0.118479  0.026337
8.67  0.182006  0.152345  0.149809  0.145068  0.150288  0.117520  0.026802
8.68  0.187221  0.164752  0.154470  0.156616  0.158292  0.116604  0.027252
8.69  0.191876  0.175991  0.158530  0.166955  0.165436  0.115776  0.027681
8.70  0.196096  0.186003  0.162104  0.175954  0.171605  0.115074  0.028098
8.71  0.200022  0.194797  0.165412  0.183520  0.177075  0.114516  0.028487
8.72  0.203676  0.202427  0.168554  0.189689  0.182100  0.114098  0.028822
8.73  0.207126  0.209001  0.171617  0.194635  0.186727  0.113812  0.029081
8.74  0.210352  0.214650  0.174621  0.198639  0.190793  0.113644  0.029303
8.75  0.213334  0.219518  0.177645  0.202016  0.194608  0.113569  0.029494
8.76  0.216000  0.223757  0.180650  0.205064  0.198325  0.113569  0.029659
8.77  0.218382  0.227475  0.183665  0.208001  0.201747  0.113621  0.029803
8.78  0.220527  0.230780  0.186631  0.210957  0.204689  0.113707  0.029908
8.79  0.222455  0.233743  0.189586  0.213986  0.207247  0.113797  0.029976
8.80  0.224222  0.236421  0.192508  0.217064  0.209648  0.113874  0.029983
8.81  0.225819  0.238839  0.195288  0.220146  0.211857  0.113920  0.029955
8.82  0.227285  0.241013  0.197958  0.223161  0.213857  0.113928  0.029915
8.83  0.228690  0.242950  0.200529  0.226021  0.215496  0.113872  0.029843
8.84  0.230086  0.244654  0.202951  0.228631  0.216842  0.113740  0.029692
8.85  0.231399  0.246127  0.205243  0.230913  0.218129  0.113524  0.029464
8.86  0.232661  0.247361  0.207386  0.232832  0.219425  0.113218  0.029119
8.87  0.233838  0.248366  0.209323  0.234415  0.220479  0.112832  0.028653
8.88  0.234882  0.249159  0.211114  0.235709  0.221469  0.112384  0.028086
8.89  0.235848  0.249773  0.212785  0.236773  0.222416  0.111899  0.027451
8.90  0.236608  0.250237  0.214331  0.237655  0.223574  0.111405  0.026777
8.91  0.237116  0.250582  0.215743  0.238395  0.224695  0.110923  0.026034
8.92  0.237377  0.250844  0.217034  0.239024  0.225801  0.110469  0.025287
8.93  0.237457  0.251048  0.218224  0.239566  0.226975  0.110065  0.024519
8.94  0.237355  0.251214  0.219266  0.240058  0.228252  0.109715  0.023742
8.95  0.237031  0.251346  0.220191  0.240540  0.229771  0.109412  0.022943
8.96  0.236534  0.251437  0.220989  0.241040  0.231333  0.109141  0.022153
8.97  0.235861  0.251487  0.221634  0.241558  0.232766  0.108873  0.021361
8.98  0.235056  0.251495  0.222104  0.242065  0.233933  0.108583  0.020579
8.99  0.234196  0.251455  0.222461  0.242519  0.235038  0.108254  0.019803
9.00  0.233283  0.251368  0.222679  0.242878  0.236106  0.107885  0.019023
9.01  0.232397  0.251240  0.222778  0.243093  0.237125  0.107471  0.018278
9.02  0.231566  0.251066  0.222779  0.243120  0.238029  0.107020  0.017532
9.03  0.230815  0.250837  0.222690  0.242926  0.238673  0.106549  0.016836
9.04  0.230214  0.250551  0.222571  0.242506  0.239085  0.106067  0.016182
9.05  0.229744  0.250199  0.222419  0.241890  0.239274  0.105584  0.015628
9.06  0.229415  0.249774  0.222175  0.241125  0.239222  0.105097  0.015125
9.07  0.229244  0.249285  0.221934  0.240275  0.239048  0.104603  0.014698
9.08  0.229165  0.248733  0.221677  0.239412  0.238768  0.104093  0.014334
9.09  0.229161  0.248123  0.221356  0.238592  0.238285  0.103561  0.014039
9.10  0.229166  0.247469  0.221022  0.237857  0.237775  0.103012  0.013824
9.11  0.229169  0.246772  0.220646  0.237221  0.237150  0.102445  0.013651
9.12  0.229148  0.246042  0.220176  0.236690  0.236495  0.101872  0.013526
9.13  0.229056  0.245282  0.219671  0.236260  0.235878  0.101298  0.013440
9.14  0.228886  0.244500  0.219107  0.235926  0.235339  0.100727  0.013398
9.15  0.228682  0.243700  0.218425  0.235665  0.234790  0.100166  0.013412
9.16  0.228389  0.242893  0.217652  0.235418  0.234316  0.099618  0.013490
9.17  0.228018  0.242078  0.216792  0.235114  0.233978  0.099085  0.013621
9.18  0.227616  0.241265  0.215827  0.234672  0.233732  0.098562  0.013781
9.19  0.227168  0.240454  0.214730  0.234017  0.233569  0.098056  0.013977
9.20  0.226662  0.239655  0.213536  0.233120  0.233540  0.097572  0.014244
9.21  0.226114  0.238867  0.212274  0.231969  0.233576  0.097106  0.014546
9.22  0.225575  0.238104  0.210915  0.230583  0.233704  0.096663  0.014890
9.23  0.225059  0.237365  0.209473  0.229020  0.233887  0.096238  0.015292
9.24  0.224619  0.236659  0.207953  0.227356  0.234072  0.095829  0.015737
9.25  0.224292  0.235981  0.206355  0.225703  0.234303  0.095429  0.016285
9.26  0.224131  0.235336  0.204675  0.224172  0.234516  0.095028  0.016876
9.27  0.224116  0.234708  0.202923  0.222853  0.234698  0.094617  0.017519
9.28  0.224218  0.234097  0.201106  0.221799  0.234804  0.094179  0.018239
9.29  0.224421  0.233489  0.199223  0.221023  0.234740  0.093698  0.018945
9.30  0.224752  0.232892  0.197261  0.220526  0.234511  0.093164  0.019660
9.31  0.225198  0.232304  0.195250  0.220287  0.234128  0.092569  0.020375
9.32  0.225693  0.231731  0.193214  0.220267  0.233558  0.091908  0.021068
9.33  0.226205  0.231181  0.191098  0.220410  0.232784  0.091189  0.021715
9.34  0.226713  0.230651  0.188930  0.220643  0.231923  0.090429  0.022330
9.35  0.227214  0.230146  0.186702  0.220862  0.230840  0.089655  0.022904
9.36  0.227650  0.229660  0.184454  0.220961  0.229579  0.088889  0.023402
9.37  0.227948  0.229189  0.182225  0.220851  0.228390  0.088154  0.023831
9.38  0.228111  0.228723  0.180069  0.220482  0.227195  0.087468  0.024235
9.39  0.228108  0.228244  0.178060  0.219838  0.225955  0.086841  0.024613
9.40  0.227947  0.227736  0.176204  0.218933  0.224821  0.086279  0.024946
9.41  0.227644  0.227185  0.174583  0.217808  0.223946  0.085787  0.025267
9.42  0.227198  0.226568  0.173250  0.216524  0.223156  0.085375  0.025595
9.43  0.226596  0.225869  0.172307  0.215150  0.222733  0.085046  0.025948
9.44  0.225827  0.225072  0.171722  0.213735  0.222686  0.084805  0.026368
9.45  0.224866  0.224164  0.171376  0.212301  0.222894  0.084644  0.026852
9.46  0.223687  0.223132  0.171183  0.210836  0.223203  0.084557  0.027366
9.47  0.222285  0.221967  0.171042  0.209308  0.223500  0.084527  0.027931
9.48  0.220656  0.220661  0.170884  0.207676  0.223665  0.084543  0.028519
9.49  0.218782  0.219212  0.170681  0.205914  0.223662  0.084580  0.029146
9.50  0.216658  0.217620  0.170487  0.204011  0.223535  0.084620  0.029783
9.51  0.214312  0.215886  0.170310  0.201965  0.223208  0.084647  0.030461
9.52  0.211756  0.214013  0.170098  0.199770  0.222555  0.084650  0.031190
9.53  0.209006  0.212002  0.169818  0.197418  0.221534  0.084625  0.031974
9.54  0.206051  0.209847  0.169470  0.194897  0.220160  0.084565  0.032796
9.55  0.202921  0.207547  0.169061  0.192194  0.218411  0.084468  0.033640
9.56  0.199679  0.205100  0.168589  0.189317  0.216364  0.084338  0.034514
9.57  0.196314  0.202501  0.168065  0.186283  0.214015  0.084180  0.035436
9.58  0.192827  0.199752  0.167519  0.183129  0.211388  0.084001  0.036394
9.59  0.189247  0.196844  0.166947  0.179912  0.208415  0.083801  0.037413
9.60  0.185560  0.193774  0.166348  0.176692  0.205131  0.083577  0.038465
9.61  0.181754  0.190533  0.165727  0.173526  0.201589  0.083332  0.039568
9.62  0.177842  0.187116  0.165073  0.170454  0.197800  0.083067  0.040690
9.63  0.173809  0.183517  0.164351  0.167496  0.193789  0.082788  0.041876
9.64  0.169612  0.179740  0.163543  0.164654  0.189575  0.082507  0.043106
9.65  0.165246  0.175790  0.162663  0.161918  0.185152  0.082237  0.044391
9.66  0.160672  0.171675  0.161708  0.159266  0.180599  0.081989  0.045725
9.67  0.155917  0.167412  0.160678  0.156665  0.176001  0.081772  0.047121
9.68  0.150969  0.163016  0.159533  0.154071  0.171294  0.081589  0.048617
9.69  0.145869  0.158502  0.158207  0.151434  0.166470  0.081444  0.050165
9.70  0.140620  0.153881  0.156673  0.148701  0.161544  0.081343  0.051784
9.71  0.135242  0.149158  0.154959  0.145826  0.156561  0.081283  0.053420
9.72  0.129786  0.144325  0.153071  0.142787  0.151506  0.081251  0.055052
9.73  0.124329  0.139366  0.150965  0.139595  0.146307  0.081245  0.056690
9.74  0.118901  0.134253  0.148643  0.136298  0.140963  0.081263  0.058352
9.75  0.113491  0.128946  0.146072  0.132957  0.135310  0.081305  0.060024
9.76  0.108082  0.123388  0.143267  0.129616  0.129424  0.081372  0.061716
9.77  0.102715  0.117505  0.140234  0.126308  0.123226  0.081469  0.063414
9.78  0.097372  0.111214  0.136933  0.123023  0.116598  0.081595  0.065085
9.79  0.091973  0.104415  0.133333  0.119716  0.109491  0.081746  0.066787
9.80  0.086292  0.096993  0.129412  0.116309  0.101739  0.081919  0.068523
9.81  0.080100  0.088824  0.125188  0.112723  0.093286  0.082120  0.070307
9.82  0.073349  0.079767  0.120659  0.108882  0.084100  0.082348  0.072120
9.83  0.065937  0.069677  0.115807  0.104716  0.074077  0.082596  0.073974
9.84  0.057595  0.058420  0.110587  0.100153  0.063227  0.082856  0.075856
9.85  0.047999  0.045900  0.104956  0.095113  0.051470  0.083116  0.077841
9.86  0.036886  0.032071  0.098925  0.089503  0.038996  0.083366  0.079928
9.87  0.024144  0.016985  0.092480  0.083216  0.025924  0.083605  0.082146
9.88  0.009757  0.000792  0.085584  0.076124  0.012368  0.083840  0.084445
9.89  -0.006126  -0.016254  0.078161  0.068067  -0.001673  0.084080  0.086860
9.90  -0.023205  -0.033809  0.070185  0.058881  -0.016010  0.084335  0.089387
9.91  -0.041026  -0.051480  0.061708  0.048399  -0.030436  0.084624  0.092097
9.92  -0.059049  -0.068858  0.052788  0.036504  -0.044781  0.084974  0.094989
9.93  -0.076704  -0.085558  0.043445  0.023176  -0.058841  0.085416  0.098079
9.94  -0.093512  -0.101245  0.033766  0.008544  -0.072326  0.085986  0.101325
9.95  -0.109094  -0.115651  0.023881  -0.007120  -0.085015  0.086716  0.104790
9.96  -0.123157  -0.128581  0.013910  -0.023394  -0.096676  0.087631  0.108518
9.97  -0.135471  -0.139908  0.003929  -0.039760  -0.107223  0.088741  0.112537
9.98  -0.145938  -0.149562  -0.005998  -0.055679  -0.116558  0.090036  0.116862
9.99  -0.154560  -0.157542  -0.015772  -0.070653  -0.124788  0.091496  0.121531
10.00  -0.161396  -0.163883  -0.025270  -0.084298  -0.131813  0.093078  0.126576
10.01  -0.166530  -0.168651  -0.034366  -0.096354  -0.137683  0.094713  0.132011
10.02  -0.170078  -0.171934  -0.042925  -0.106687  -0.142337  0.096300  0.137840
10.03  -0.172172  -0.173836  -0.050877  -0.115237  -0.145874  0.097710  0.144054
10.04  -0.172942  -0.174467  -0.058131  -0.121995  -0.148405  0.098790  0.150657
10.05  -0.172533  -0.173933  -0.064585  -0.126988  -0.149895  0.099375  0.157628
10.06  -0.171059  -0.172338  -0.070151  -0.130289  -0.150391  0.099299  0.164916
10.07  -0.168598  -0.169780  -0.074767  -0.132003  -0.149942  0.098420  0.172504
10.08  -0.165261  -0.166346  -0.078365  -0.132281  -0.148486  0.096641  0.180301
10.09  -0.161131  -0.162122  -0.080901  -0.131315  -0.146134  0.093930  0.188295
10.10  -0.156283  -0.157188  -0.082386  -0.129303  -0.143000  0.090337  0.196443
10.11  -0.150776  -0.151622  -0.082879  -0.126421  -0.139057  0.085999  0.204686
10.12  -0.144670  -0.145504  -0.082438  -0.122838  -0.134567  0.081121  0.212907
10.13  -0.138038  -0.138902  -0.081097  -0.118675  -0.129452  0.075971  0.220992
10.14  -0.130918  -0.131881  -0.078855  -0.114039  -0.123643  0.070823  0.228915
10.15  -0.123325  -0.124508  -0.075773  -0.109013  -0.117283  0.065932  0.236641
10.16  -0.115316  -0.116856  -0.071976  -0.103641  -0.110410  0.061500  0.244111
10.17  -0.106953  -0.109006  -0.067522  -0.097952  -0.103162  0.057658  0.251189
10.18  -0.098295  -0.101032  -0.062517  -0.091962  -0.095686  0.054482  0.257825
10.19  -0.089439  -0.093000  -0.057070  -0.085696  -0.088036  0.051999  0.264022
10.20  -0.080451  -0.084964  -0.051277  -0.079192  -0.080247  0.050187  0.269814
10.21  -0.071397  -0.076959  -0.045197  -0.072494  -0.072347  0.049008  0.275100
10.22  -0.062352  -0.069021  -0.038884  -0.065632  -0.064333  0.048398  0.279916
10.23  -0.053352  -0.061163  -0.032386  -0.058625  -0.056291  0.048282  0.284205
10.24  -0.044424  -0.053400  -0.025824  -0.051499  -0.048378  0.048573  0.288100
10.25  -0.035661  -0.045754  -0.019273  -0.044285  -0.040602  0.049176  0.291410
10.26  -0.027101  -0.038233  -0.012762  -0.037035  -0.032941  0.050015  0.294201
10.27  -0.018759  -0.030853  -0.006320  -0.029797  -0.025410  0.051026  0.296437
10.28  -0.010698  -0.023630  -0.000001  -0.022597  -0.018112  0.052163  0.298213
10.29  -0.002999  -0.016555  0.006086  -0.015462  -0.011046  0.053393  0.299401
10.30  0.004299  -0.009645  0.011904  -0.008410  -0.004167  0.054685  0.300000
10.31  0.011165  -0.002898  0.017422  -0.001481  0.002399  0.056024  0.299831
10.32  0.017632  0.003694  0.022635  0.005248  0.008697  0.057398  0.299029
10.33  0.023680  0.010104  0.027605  0.011714  0.014747  0.058795  0.297478
10.34  0.029344  0.016353  0.032322  0.017871  0.020557  0.060219  0.295130
10.35  0.034712  0.022427  0.036805  0.023712  0.026164  0.061674  0.291791
10.36  0.039810  0.028315  0.041052  0.029247  0.031536  0.063175  0.287579
10.37  0.044687  0.034025  0.044996  0.034481  0.036557  0.064718  0.282344
10.38  0.049346  0.039515  0.048758  0.039438  0.041506  0.066294  0.276093
10.39  0.053782  0.044784  0.052299  0.044137  0.046120  0.067894  0.268715
10.40  0.058018  0.049808  0.055661  0.048594  0.050478  0.069502  0.260452
10.41  0.062006  0.054559  0.058848  0.052821  0.054594  0.071105  0.251314
10.42  0.065777  0.059056  0.061808  0.056839  0.058422  0.072690  0.241593
10.43  0.069286  0.063273  0.064623  0.060675  0.062187  0.074244  0.231266
10.44  0.072520  0.067243  0.067239  0.064345  0.065655  0.075763  0.220800
10.45  0.075509  0.070972  0.069713  0.067857  0.068899  0.077239  0.210198
10.46  0.078229  0.074468  0.072045  0.071197  0.071876  0.078672  0.199870
10.47  0.080725  0.077762  0.074195  0.074349  0.074562  0.080048  0.189834
10.48  0.082972  0.080835  0.076233  0.077290  0.077241  0.081360  0.180327
10.49  0.085001  0.083706  0.078085  0.080003  0.079616  0.082606  0.171252
10.50  0.086817  0.086358  0.079794  0.082491  0.081670  0.083784  0.162855
10.51  0.088431  0.088795  0.081370  0.084760  0.083535  0.084896  0.155030
10.52  0.089880  0.091027  0.082861  0.086813  0.085274  0.085941  0.147944
10.53  0.091153  0.093040  0.084286  0.088654  0.087023  0.086909  0.141369
10.54  0.092324  0.094856  0.085573  0.090290  0.088489  0.087804  0.135364
10.55  0.093397  0.096476  0.086816  0.091744  0.089775  0.088629  0.129885
10.56  0.094429  0.097941  0.088003  0.093049  0.090849  0.089403  0.124858
10.57  0.095443  0.099284  0.089155  0.094248  0.091948  0.090152  0.120271
10.58  0.096461  0.100541  0.090315  0.095394  0.093145  0.090908  0.116008
10.59  0.097555  0.101749  0.091491  0.096528  0.094314  0.091702  0.112242
10.60  0.098660  0.102948  0.092674  0.097662  0.095436  0.092545  0.108713
10.61  0.099853  0.104162  0.093903  0.098789  0.096607  0.093442  0.105530
10.62  0.101101  0.105401  0.095167  0.099888  0.097753  0.094382  0.102583
10.63  0.102402  0.106666  0.096477  0.100961  0.098998  0.095337  0.100052
10.64  0.103760  0.107964  0.097842  0.102029  0.100406  0.096274  0.097626
10.65  0.105109  0.109265  0.099203  0.103124  0.101841  0.097154  0.095430
10.66  0.106509  0.110548  0.100488  0.104268  0.103050  0.097944  0.093446
10.67  0.107838  0.111782  0.101756  0.105455  0.104214  0.098615  0.091583
10.68  0.109189  0.112948  0.103013  0.106666  0.105353  0.099145  0.089948
10.69  0.110469  0.114024  0.104262  0.107893  0.106616  0.099526  0.088276
10.70  0.111670  0.114991  0.105521  0.109124  0.107862  0.099773  0.086892
10.71  0.112814  0.115858  0.106815  0.110371  0.109021  0.099910  0.085479
10.72  0.113839  0.116646  0.108111  0.111630  0.110201  0.099971  0.084197
10.73  0.114873  0.117384  0.109398  0.112899  0.111385  0.099994  0.083070
10.74  0.115844  0.118099  0.110654  0.114163  0.112575  0.100019  0.082030
10.75  0.116835  0.118831  0.111918  0.115403  0.113763  0.100063  0.081102
10.76  0.117870  0.119591  0.113239  0.116591  0.114986  0.100145  0.080236
10.77  0.118978  0.120401  0.114585  0.117710  0.116244  0.100269  0.079553
10.78  0.120120  0.121258  0.115930  0.118755  0.117585  0.100428  0.078841
10.79  0.121342  0.122159  0.117271  0.119750  0.118870  0.100606  0.078190
10.80  0.122584  0.123079  0.118578  0.120722  0.120114  0.100781  0.077614
10.81  0.123784  0.124013  0.119824  0.121701  0.121328  0.100934  0.077078
10.82  0.124979  0.124947  0.121035  0.122706  0.122530  0.101059  0.076499
10.83  0.126107  0.125893  0.122206  0.123745  0.123773  0.101157  0.075944
10.84  0.127190  0.126849  0.123364  0.124816  0.124994  0.101244  0.075525
10.85  0.128237  0.127840  0.124510  0.125932  0.126204  0.101335  0.075022
10.86  0.129280  0.128876  0.125648  0.127116  0.127391  0.101456  0.074609
10.87  0.130317  0.129976  0.126734  0.128381  0.128576  0.101640  0.074308
10.88  0.131369  0.131138  0.127842  0.129709  0.129791  0.101905  0.073951
10.89  0.132453  0.132364  0.129000  0.131063  0.131059  0.102256  0.073770
10.90  0.133566  0.133647  0.130162  0.132413  0.132362  0.102689  0.073657
10.91  0.134716  0.134969  0.131307  0.133729  0.133709  0.103179  0.073539
10.92  0.135853  0.136317  0.132435  0.134983  0.134982  0.103678  0.073554
10.93  0.137017  0.137674  0.133558  0.136160  0.136244  0.104132  0.073542
10.94  0.138200  0.139023  0.134676  0.137279  0.137527  0.104496  0.073534
10.95  0.139338  0.140361  0.135809  0.138350  0.138913  0.104743  0.073524
10.96  0.140483  0.141671  0.136925  0.139390  0.140344  0.104852  0.073467
10.97  0.141580  0.142942  0.137941  0.140385  0.141668  0.104830  0.073427
10.98  0.142650  0.144188  0.138863  0.141327  0.142862  0.104716  0.073293
10.99  0.143689  0.145398  0.139699  0.142192  0.143936  0.104555  0.073063
11.00  0.144708  0.146582  0.140461  0.142969  0.145093  0.104396  0.072856
11.01  0.145743  0.147757  0.141207  0.143660  0.146317  0.104292  0.072565
11.02  0.146793  0.148913  0.141953  0.144325  0.147595  0.104278  0.072275
11.03  0.147850  0.150079  0.142689  0.145033  0.148731  0.104386  0.071920
11.04  0.148980  0.151251  0.143424  0.145847  0.149896  0.104624  0.071628
11.05  0.150115  0.152426  0.144076  0.146782  0.150995  0.104977  0.071395
11.06  0.151246  0.153605  0.144672  0.147837  0.152133  0.105417  0.071098
11.07  0.152362  0.154772  0.145263  0.148989  0.153257  0.105923  0.070811
11.08  0.153424  0.155927  0.145813  0.150205  0.154283  0.106463  0.070561
11.09  0.154420  0.157080  0.146350  0.151462  0.155355  0.107017  0.070344
11.10  0.155330  0.158213  0.146765  0.152747  0.156223  0.107563  0.070162
11.11  0.156147  0.159355  0.147091  0.154031  0.157155  0.108079  0.069966
11.12  0.156890  0.160488  0.147366  0.155276  0.158081  0.108557  0.069761
11.13  0.157567  0.161618  0.147563  0.156448  0.158746  0.108983  0.069624
11.14  0.158253  0.162752  0.147781  0.157528  0.159408  0.109364  0.069507
11.15  0.158966  0.163852  0.148029  0.158504  0.160006  0.109701  0.069393
11.16  0.159749  0.164936  0.148285  0.159393  0.160867  0.110002  0.069402
11.17  0.160647  0.165967  0.148595  0.160233  0.161548  0.110294  0.069444
11.18  0.161611  0.166941  0.148926  0.161054  0.162100  0.110583  0.069497
11.19  0.162703  0.167850  0.149373  0.161875  0.162568  0.110875  0.069696
11.20  0.163876  0.168676  0.149916  0.162730  0.163356  0.111182  0.069845
11.21  0.165112  0.169447  0.150555  0.163646  0.164127  0.111499  0.070026
11.22  0.166390  0.170145  0.151289  0.164645  0.164827  0.111825  0.070406
11.23  0.167654  0.170808  0.152143  0.165725  0.165571  0.112154  0.070644
11.24  0.168900  0.171442  0.152980  0.166862  0.166600  0.112488  0.070912
11.25  0.170046  0.172060  0.153857  0.168040  0.167432  0.112811  0.071393
11.26  0.171093  0.172683  0.154724  0.169227  0.168223  0.113125  0.071632
11.27  0.172019  0.173299  0.155745  0.170357  0.169201  0.113407  0.071911
11.28  0.172800  0.173919  0.156703  0.171411  0.170388  0.113642  0.072380
11.29  0.173440  0.174538  0.157604  0.172384  0.171307  0.113833  0.072583
11.30  0.173983  0.175136  0.158458  0.173272  0.172102  0.113965  0.072778
11.31  0.174422  0.175720  0.159326  0.174077  0.173147  0.114042  0.073047
11.32  0.174815  0.176281  0.160094  0.174821  0.174070  0.114078  0.073167
11.33  0.175170  0.176817  0.160888  0.175530  0.174822  0.114077  0.073396
11.34  0.175579  0.177346  0.161709  0.176236  0.175612  0.114061  0.073529
11.35  0.175944  0.177861  0.162602  0.176968  0.176514  0.114059  0.073695
11.36  0.176360  0.178384  0.163460  0.177734  0.177453  0.114084  0.073982
11.37  0.176767  0.178935  0.164324  0.178501  0.178268  0.114161  0.074172
11.38  0.177177  0.179513  0.165183  0.179210  0.179042  0.114317  0.074378
11.39  0.177548  0.180130  0.166069  0.179811  0.179914  0.114541  0.074599
11.40  0.177892  0.180787  0.166983  0.180244  0.180909  0.114838  0.074870
11.41  0.178241  0.181471  0.167896  0.180501  0.181637  0.115193  0.075112
11.42  0.178566  0.182175  0.168924  0.180603  0.182566  0.115564  0.075057
11.43  0.178866  0.182880  0.169908  0.180580  0.183425  0.115941  0.075238
11.44  0.179207  0.183570  0.170994  0.180496  0.184418  0.116292  0.075385
11.45  0.179604  0.184234  0.172086  0.180434  0.185108  0.116586  0.075146
11.46  0.180040  0.184869  0.173318  0.180447  0.186003  0.116828  0.075100
11.47  0.180571  0.185473  0.174602  0.180608  0.186956  0.117024  0.075063
11.48  0.181223  0.186063  0.175967  0.180961  0.187701  0.117187  0.074753
11.49  0.182043  0.186647  0.177464  0.181493  0.188653  0.117335  0.074633
11.50  0.182895  0.187236  0.179015  0.182154  0.189649  0.117484  0.074313
11.51  0.183907  0.187847  0.180574  0.182897  0.190559  0.117655  0.074166
11.52  0.184977  0.188488  0.182190  0.183679  0.191707  0.117869  0.073849
11.53  0.186071  0.189164  0.183745  0.184479  0.192639  0.118110  0.073451
11.54  0.187123  0.189895  0.185307  0.185301  0.193626  0.118398  0.073389
11.55  0.188138  0.190693  0.186861  0.186154  0.194672  0.118722  0.072885
11.56  0.189115  0.191567  0.188300  0.187080  0.195799  0.119073  0.072519
11.57  0.189934  0.192523  0.189611  0.188088  0.196520  0.119440  0.072646
11.58  0.190707  0.193559  0.190867  0.189182  0.197441  0.119806  0.072198
11.59  0.191411  0.194674  0.192089  0.190372  0.198643  0.120179  0.071825
11.60  0.192077  0.195859  0.193228  0.191643  0.199518  0.120565  0.071802
11.61  0.192689  0.197086  0.194344  0.192978  0.200194  0.120960  0.071864
11.62  0.193341  0.198326  0.195373  0.194351  0.201177  0.121368  0.071864
11.63  0.193994  0.199552  0.196211  0.195764  0.201766  0.121792  0.071840
11.64  0.194655  0.200718  0.197050  0.197236  0.202362  0.122222  0.072010
11.65  0.195299  0.201805  0.197828  0.198753  0.202883  0.122657  0.072530
11.66  0.195940  0.202781  0.198538  0.200292  0.203412  0.123081  0.072570
11.67  0.196519  0.203628  0.199191  0.201830  0.203688  0.123478  0.072975
11.68  0.197030  0.204326  0.199834  0.203322  0.203917  0.123838  0.073740
11.69  0.197438  0.204854  0.200399  0.204735  0.203890  0.124119  0.074383
11.70  0.197706  0.205174  0.200814  0.206056  0.203860  0.124305  0.075131
11.71  0.197811  0.205285  0.201170  0.207274  0.203528  0.124397  0.075963
11.72  0.197688  0.205152  0.201486  0.208382  0.203189  0.124354  0.076922
11.73  0.197295  0.204768  0.201650  0.209366  0.202691  0.124214  0.078030
11.74  0.196650  0.204125  0.201666  0.210204  0.201567  0.123977  0.079001
11.75  0.195733  0.203219  0.201606  0.210884  0.200705  0.123642  0.080376
11.76  0.194493  0.202056  0.201471  0.211381  0.199660  0.123234  0.081711
11.77  0.193001  0.200646  0.201149  0.211684  0.198340  0.122720  0.082985
11.78  0.191244  0.199001  0.200720  0.211766  0.196628  0.122131  0.084405
11.79  0.189247  0.197128  0.200172  0.211576  0.195190  0.121453  0.085990
11.80  0.187014  0.195041  0.199500  0.211102  0.193429  0.120670  0.087618
11.81  0.184604  0.192764  0.198721  0.210328  0.191411  0.119828  0.089143
11.82  0.182065  0.190323  0.197851  0.209244  0.189395  0.118914  0.090685
11.83  0.179450  0.187738  0.196871  0.207857  0.187536  0.117966  0.092529
11.84  0.176768  0.185036  0.195706  0.206177  0.185374  0.116987  0.094254
11.85  0.174092  0.182259  0.194442  0.204213  0.182761  0.115953  0.095928
11.86  0.171465  0.179433  0.193046  0.202003  0.180651  0.114901  0.097612
11.87  0.168867  0.176596  0.191559  0.199595  0.178512  0.113806  0.099236
11.88  0.166352  0.173785  0.189937  0.197053  0.175694  0.112700  0.101308
11.89  0.163925  0.171044  0.188380  0.194436  0.173753  0.111587  0.103147
11.90  0.161597  0.168416  0.186737  0.191805  0.171781  0.110483  0.104871
11.91  0.159397  0.165944  0.185015  0.189204  0.169373  0.109448  0.106969
11.92  0.157375  0.163673  0.183460  0.186658  0.167416  0.108469  0.108876
11.93  0.155524  0.161623  0.181920  0.184225  0.165913  0.107608  0.111257
11.94  0.153821  0.159801  0.180477  0.181912  0.164349  0.106839  0.113722
11.95  0.152363  0.158212  0.179228  0.179733  0.162813  0.106124  0.116035
11.96  0.151182  0.156845  0.178010  0.177719  0.161874  0.105455  0.118836
11.97  0.150131  0.155648  0.176873  0.175840  0.160890  0.104739  0.121362
11.98  0.149270  0.154602  0.175883  0.174088  0.159881  0.103945  0.124123
11.99  0.148634  0.153664  0.174904  0.172464  0.159326  0.102988  0.126871
12.00  0.148114  0.152836  0.173988  0.170981  0.158692  0.101844  0.129458
12.01  0.147773  0.152102  0.173190  0.169647  0.158353  0.100498  0.132270
12.02  0.147592  0.151490  0.172477  0.168443  0.158140  0.098896  0.134888
12.03  0.147486  0.151002  0.171723  0.167360  0.157838  0.097112  0.137425
12.04  0.147517  0.150658  0.171011  0.166399  0.157818  0.095150  0.140005
12.05  0.147663  0.150486  0.170369  0.165541  0.157708  0.093057  0.142480
12.06  0.147863  0.150476  0.169697  0.164760  0.157807  0.090941  0.145204
12.07  0.148170  0.150634  0.169129  0.164028  0.158122  0.088857  0.147543
12.08  0.148570  0.150952  0.168612  0.163385  0.158377  0.086915  0.149812
12.09  0.149016  0.151413  0.168130  0.162862  0.158872  0.085145  0.152302
12.10  0.149509  0.151990  0.167735  0.162499  0.159480  0.083667  0.154791
12.11  0.150004  0.152655  0.167325  0.162373  0.160050  0.082464  0.157352
12.12  0.150426  0.153379  0.166843  0.162485  0.160515  0.081486  0.159793
12.13  0.150762  0.154126  0.166405  0.162823  0.160972  0.080720  0.162158
12.14  0.150953  0.154876  0.165955  0.163342  0.161618  0.080107  0.164663
12.15  0.150960  0.155604  0.165390  0.163985  0.162067  0.079591  0.167240
12.16  0.150819  0.156275  0.164746  0.164678  0.162368  0.079140  0.169795
12.17  0.150507  0.156878  0.164014  0.165319  0.162503  0.078743  0.172366
12.18  0.149937  0.157394  0.163140  0.165876  0.162578  0.078382  0.174732
12.19  0.149249  0.157809  0.162063  0.166248  0.162461  0.078051  0.177116
12.20  0.148371  0.158094  0.160884  0.166381  0.161862  0.077773  0.179555
12.21  0.147289  0.158250  0.159574  0.166303  0.161209  0.077529  0.182140
12.22  0.146151  0.158234  0.158165  0.166039  0.160606  0.077323  0.184534
12.23  0.144780  0.158043  0.156624  0.165660  0.159277  0.077178  0.186805
12.24  0.143198  0.157631  0.154960  0.165185  0.158308  0.077090  0.188867
12.25  0.141493  0.157005  0.153088  0.164603  0.156904  0.077064  0.191060
12.26  0.139545  0.156132  0.151064  0.163821  0.154679  0.077125  0.193323
12.27  0.137367  0.154999  0.149152  0.162803  0.153233  0.077277  0.195499
12.28  0.135097  0.153610  0.147034  0.161528  0.151183  0.077491  0.197309
12.29  0.132608  0.151926  0.144870  0.159946  0.148529  0.077804  0.198968
12.30  0.129973  0.149976  0.142834  0.158129  0.146399  0.078223  0.200414
12.31  0.127298  0.147763  0.140573  0.156112  0.144009  0.078708  0.202051
12.32  0.124349  0.145258  0.138256  0.153900  0.141038  0.079313  0.203396
12.33  0.121298  0.142515  0.135926  0.151548  0.138106  0.080008  0.204455
12.34  0.118165  0.139498  0.133539  0.149063  0.135265  0.080760  0.205211
12.35  0.114802  0.136229  0.131102  0.146441  0.131671  0.081588  0.205691
12.36  0.111378  0.132721  0.128681  0.143640  0.128751  0.082460  0.206281
12.37  0.107705  0.128994  0.126164  0.140657  0.125568  0.083362  0.206561
12.38  0.103929  0.125073  0.123509  0.137439  0.121888  0.084283  0.206711
12.39  0.100145  0.120980  0.120894  0.134011  0.118399  0.085207  0.206479
12.40  0.096247  0.116739  0.118151  0.130379  0.114350  0.086124  0.205897
12.41  0.092347  0.112372  0.115460  0.126647  0.110904  0.087018  0.205500
12.42  0.088571  0.107891  0.112684  0.122882  0.106851  0.087922  0.204796
12.43  0.084739  0.103344  0.110087  0.119137  0.103248  0.088807  0.204253
12.44  0.080913  0.098733  0.107444  0.115429  0.099899  0.089699  0.203392
12.45  0.077182  0.094123  0.104795  0.111759  0.096076  0.090599  0.202296
12.46  0.073309  0.089514  0.102176  0.108123  0.092360  0.091504  0.201312
12.47  0.069630  0.084943  0.099367  0.104473  0.088759  0.092427  0.200133
12.48  0.065843  0.080442  0.096556  0.100817  0.085574  0.093352  0.199263
12.49  0.062020  0.076030  0.093588  0.097104  0.081299  0.094279  0.198283
12.50  0.058345  0.071731  0.090772  0.093332  0.078118  0.095224  0.197383
12.51  0.054535  0.067549  0.087864  0.089497  0.074721  0.096179  0.196440
12.52  0.050879  0.063511  0.084957  0.085600  0.070772  0.097123  0.195345
12.53  0.047290  0.059582  0.082121  0.081640  0.067374  0.098072  0.194503
12.54  0.043869  0.055772  0.079292  0.077619  0.063832  0.099013  0.193531
12.55  0.040709  0.052070  0.076689  0.073579  0.061126  0.099914  0.192985
12.56  0.037909  0.048478  0.074129  0.069559  0.057534  0.100807  0.192618
12.57  0.035482  0.045014  0.071991  0.065673  0.054758  0.101660  0.192157
12.58  0.033440  0.041650  0.070012  0.062021  0.051992  0.102466  0.191718
12.59  0.031883  0.038427  0.068471  0.058721  0.049550  0.103236  0.191122
12.60  0.030611  0.035324  0.066995  0.055889  0.047345  0.103949  0.190750
12.61  0.029810  0.032366  0.065681  0.053545  0.045342  0.104615  0.190511
12.62  0.029041  0.029580  0.064701  0.051605  0.044363  0.105221  0.190731
12.63  0.028491  0.026959  0.063667  0.049911  0.041990  0.105770  0.191059
12.64  0.027922  0.024555  0.063120  0.048371  0.040979  0.106262  0.191486
12.65  0.027343  0.022373  0.062373  0.046814  0.039961  0.106687  0.192047
12.66  0.026731  0.020418  0.061935  0.045232  0.039322  0.107056  0.192388
12.67  0.025936  0.018721  0.061478  0.043654  0.038665  0.107375  0.193167
12.68  0.025146  0.017296  0.060964  0.042152  0.037991  0.107664  0.193939
12.69  0.024192  0.016141  0.060656  0.040825  0.038346  0.107905  0.195196
12.70  0.023344  0.015269  0.060151  0.039710  0.037962  0.108132  0.196662
12.71  0.022361  0.014625  0.059733  0.038873  0.037914  0.108353  0.198215
12.72  0.021604  0.014282  0.059219  0.038358  0.037460  0.108541  0.199882
12.73  0.020919  0.014149  0.058920  0.038061  0.037606  0.108741  0.201374
12.74  0.020345  0.014280  0.058584  0.037951  0.037684  0.108941  0.203060
12.75  0.020129  0.014625  0.058348  0.037940  0.037891  0.109165  0.204638
12.76  0.020016  0.015191  0.058113  0.037881  0.038477  0.109406  0.206581
12.77  0.020278  0.015943  0.058010  0.037760  0.039088  0.109675  0.208692
12.78  0.020772  0.016850  0.057901  0.037548  0.039474  0.109983  0.210835
12.79  0.021628  0.017885  0.057866  0.037236  0.039901  0.110323  0.213304
12.80  0.022764  0.019017  0.058053  0.036875  0.040665  0.110685  0.215609
12.81  0.023989  0.020202  0.058170  0.036507  0.040798  0.111077  0.218070
12.82  0.025385  0.021403  0.058492  0.036235  0.041902  0.111483  0.220293
12.83  0.026839  0.022591  0.058815  0.036139  0.042428  0.111898  0.222544
12.84  0.028231  0.023699  0.059239  0.036229  0.042991  0.112340  0.224898
12.85  0.029546  0.024720  0.059793  0.036546  0.043753  0.112795  0.227226
12.86  0.030667  0.025622  0.060417  0.037138  0.044210  0.113268  0.229947
12.87  0.031686  0.026412  0.061098  0.037983  0.045131  0.113768  0.232546
12.88  0.032409  0.027097  0.061958  0.039044  0.045493  0.114264  0.235414
12.89  0.032928  0.027674  0.062698  0.040241  0.045719  0.114782  0.237942
12.90  0.033441  0.028196  0.063423  0.041546  0.046046  0.115277  0.240516
12.91  0.033788  0.028649  0.064175  0.042878  0.046577  0.115757  0.242984
12.92  0.034009  0.029088  0.064843  0.044133  0.046847  0.116218  0.245273
12.93  0.034092  0.029493  0.065765  0.045252  0.046901  0.116639  0.247640
12.94  0.034284  0.029919  0.066471  0.046180  0.046663  0.117015  0.249844
12.95  0.034563  0.030322  0.067311  0.046902  0.047160  0.117351  0.252244
12.96  0.034895  0.030723  0.068017  0.047411  0.047263  0.117654  0.254450
12.97  0.035251  0.031093  0.068697  0.047780  0.047277  0.117950  0.256639
12.98  0.035542  0.031401  0.069545  0.047998  0.047262  0.118267  0.258700
12.99  0.035854  0.031649  0.070142  0.048208  0.046728  0.118612  0.260641
13.00  0.036013  0.031802  0.070804  0.048403  0.047065  0.119044  0.262472
13.01  0.036161  0.031866  0.071443  0.048642  0.047475  0.119546  0.264076
13.02  0.036200  0.031868  0.072063  0.049006  0.047604  0.120199  0.265682
13.03  0.036057  0.031832  0.072633  0.049479  0.047339  0.121010  0.266944
13.04  0.035895  0.031792  0.073023  0.050126  0.047100  0.121996  0.268439
13.05  0.035650  0.031796  0.073289  0.050815  0.046977  0.123164  0.269548
13.06  0.035645  0.031831  0.073498  0.051555  0.046985  0.124484  0.270932
13.07  0.035719  0.031984  0.073609  0.052260  0.047095  0.125929  0.272077
13.08  0.035992  0.032206  0.073664  0.052894  0.046637  0.127481  0.273244
13.09  0.036472  0.032553  0.073453  0.053436  0.045555  0.129076  0.274348
13.10  0.037066  0.032953  0.073314  0.053880  0.045538  0.130680  0.275257
13.11  0.038053  0.033392  0.073054  0.054281  0.044455  0.132249  0.276316
13.12  0.039071  0.033818  0.072973  0.054667  0.044604  0.133740  0.277129
13.13  0.040191  0.034165  0.072885  0.055091  0.043892  0.135150  0.278165
13.14  0.041192  0.034363  0.072686  0.055597  0.042649  0.136420  0.278970
13.15  0.042090  0.034365  0.072538  0.056270  0.042179  0.137568  0.279897
13.16  0.042748  0.034113  0.072337  0.057086  0.040230  0.138563  0.280696
13.17  0.043114  0.033551  0.072390  0.058113  0.040267  0.139470  0.281611
13.18  0.043040  0.032647  0.072444  0.059252  0.038658  0.140288  0.282485
13.19  0.042537  0.031368  0.072458  0.060502  0.037806  0.141045  0.283426
13.20  0.041454  0.029740  0.072325  0.061739  0.035619  0.141803  0.284356
13.21  0.039814  0.027725  0.072086  0.062895  0.033583  0.142569  0.285275
13.22  0.037720  0.025398  0.071669  0.063883  0.031759  0.143375  0.286144
13.23  0.035090  0.022761  0.071397  0.064569  0.029708  0.144219  0.287073
13.24  0.032152  0.019892  0.071151  0.064965  0.028472  0.145096  0.287941
13.25  0.028812  0.016822  0.071215  0.064876  0.026688  0.146014  0.288868
13.26  0.025283  0.013651  0.070913  0.064341  0.024452  0.146934  0.289823
13.27  0.021552  0.010386  0.070388  0.063239  0.021814  0.147840  0.290780
13.28  0.017727  0.007095  0.069883  0.061624  0.019103  0.148709  0.291743
13.29  0.013936  0.003828  0.069417  0.059447  0.017340  0.149512  0.292711
13.30  0.010127  0.000572  0.069270  0.056757  0.015120  0.150284  0.293745
13.31  0.006377  -0.002642  0.069030  0.053599  0.013542  0.151029  0.294755
13.32  0.002636  -0.005790  0.069258  0.050037  0.012668  0.151811  0.295809
13.33  -0.001042  -0.008845  0.068650  0.046225  0.009483  0.152671  0.296835
13.34  -0.004563  -0.011813  0.067986  0.042217  0.007952  0.153649  0.298074
13.35  -0.008118  -0.014665  0.067229  0.038158  0.005402  0.154825  0.299200
13.36  -0.011509  -0.017361  0.066616  0.034106  0.004393  0.156193  0.300587
13.37  -0.014931  -0.019950  0.066222  0.030150  0.002202  0.157788  0.301869
13.38  -0.018203  -0.022382  0.066232  0.026322  0.002330  0.159567  0.303527
13.39  -0.021284  -0.024641  0.065741  0.022702  -0.000096  0.161526  0.305255
13.40  -0.024240  -0.026684  0.065523  0.019276  -0.000872  0.163621  0.307262
13.41  -0.026882  -0.028527  0.064932  0.016123  -0.002337  0.165784  0.309511
13.42  -0.029530  -0.030127  0.064801  0.013167  -0.003096  0.167940  0.311985
13.43  -0.031812  -0.031452  0.064335  0.010504  -0.003996  0.170035  0.314771
13.44  -0.034030  -0.032499  0.064114  0.008126  -0.005602  0.171988  0.317721
13.45  -0.035866  -0.033223  0.063759  0.006045  -0.006447  0.173742  0.321018
13.46  -0.037278  -0.033630  0.063682  0.004281  -0.008107  0.175241  0.324448
13.47  -0.038485  -0.033646  0.063870  0.002840  -0.008324  0.176463  0.328144
13.48  -0.039103  -0.033293  0.063975  0.001679  -0.009483  0.177371  0.331894
13.49  -0.039488  -0.032564  0.064726  0.000799  -0.008485  0.177980  0.335946
13.50  -0.039172  -0.031468  0.065311  0.000207  -0.008663  0.178291  0.339897
13.51  -0.038713  -0.030033  0.067135  -0.000100  -0.006087  0.178334  0.344043
13.52  -0.037660  -0.028285  0.067875  -0.000133  -0.006846  0.178149  0.348125
13.53  -0.036350  -0.026288  0.069515  0.000127  -0.005462  0.177771  0.352340
13.54  -0.034697  -0.024089  0.070506  0.000678  -0.006111  0.177295  0.356479
13.55  -0.032694  -0.021717  0.072259  0.001598  -0.005117  0.176735  0.360559
13.56  -0.030674  -0.019260  0.073462  0.002844  -0.005266  0.176205  0.364708
13.57  -0.028405  -0.016736  0.075464  0.004487  -0.003365  0.175661  0.368740
13.58  -0.026194  -0.014264  0.077461  0.006520  -0.002309  0.175218  0.372941
13.59  -0.024031  -0.011813  0.079628  0.008972  -0.000849  0.174829  0.376931
13.60  -0.021832  -0.009453  0.081740  0.011870  0.000410  0.174533  0.381101
13.61  -0.019959  -0.007134  0.084028  0.015124  0.001171  0.174333  0.385227
13.62  -0.018018  -0.004913  0.086615  0.018829  0.002937  0.174221  0.389440
13.63  -0.016425  -0.002737  0.089554  0.022800  0.004690  0.174198  0.393674
13.64  -0.014661  -0.000644  0.092196  0.027045  0.006201  0.174222  0.397958
13.65  -0.012987  0.001403  0.094636  0.031396  0.007025  0.174306  0.402253
13.66  -0.011191  0.003357  0.097074  0.035830  0.008864  0.174448  0.406390
13.67  -0.009159  0.005248  0.099238  0.040213  0.010005  0.174682  0.410426
13.68  -0.007127  0.006999  0.101624  0.044485  0.010556  0.174991  0.414395
13.69  -0.004708  0.008560  0.104205  0.048632  0.012562  0.175375  0.418280
13.70  -0.002638  0.009788  0.106966  0.052591  0.013702  0.175851  0.422000
13.71  -0.000149  0.010609  0.108555  0.056391  0.013250  0.176400  0.425790
13.72  0.001677  0.010829  0.110571  0.060024  0.013462  0.177067  0.429398
13.73  0.003402  0.010394  0.111147  0.063539  0.010965  0.177815  0.433098
13.74  0.004350  0.009114  0.112269  0.066951  0.010336  0.178718  0.436643
13.75  0.004619  0.006940  0.111633  0.070221  0.005745  0.179753  0.440340
13.76  0.003819  0.003748  0.111622  0.073397  0.002917  0.180998  0.444002
13.77  0.001953  -0.000505  0.111884  0.076310  -0.000983  0.182407  0.447703
13.78  -0.000995  -0.005870  0.112011  0.078981  -0.003816  0.184036  0.451351
13.79  -0.005238  -0.012296  0.111497  0.081152  -0.010472  0.185835  0.455019
13.80  -0.010344  -0.019894  0.110443  0.082781  -0.015178  0.187817  0.458644
13.81  -0.016795  -0.028488  0.108869  0.083529  -0.023631  0.189957  0.462179
13.82  -0.023978  -0.038340  0.106993  0.083369  -0.029741  0.192255  0.465569
13.83  -0.032530  -0.049181  0.104467  0.082076  -0.039797  0.194682  0.468749
13.84  -0.042066  -0.061325  0.101594  0.079538  -0.048173  0.197160  0.471807
13.85  -0.052772  -0.074525  0.098182  0.075741  -0.059682  0.199708  0.474565
13.86  -0.064937  -0.088969  0.094622  0.070661  -0.069458  0.202228  0.477035
13.87  -0.078109  -0.104468  0.090161  0.064387  -0.082209  0.204719  0.479220
13.88  -0.092944  -0.121094  0.085603  0.056900  -0.093224  0.207159  0.481098
13.89  -0.108836  -0.138580  0.079800  0.048452  -0.106694  0.209539  0.482771
13.90  -0.126284  -0.157126  0.074303  0.038857  -0.117881  0.211851  0.484157
13.91  -0.144825  -0.176186  0.067393  0.028280  -0.132978  0.214136  0.485294
13.92  -0.164192  -0.195994  0.061125  0.016582  -0.146140  0.216465  0.486372
13.93  -0.184553  -0.215947  0.053538  0.003788  -0.161664  0.218884  0.487258
13.94  -0.204991  -0.236087  0.045963  -0.010310  -0.176390  0.221410  0.488318
13.95  -0.226013  -0.256108  0.037254  -0.025490  -0.190209  0.224148  0.489246
13.96  -0.246788  -0.275741  0.028125  -0.041990  -0.204831  0.227106  0.490598
13.97  -0.267609  -0.295000  0.018222  -0.059634  -0.218709  0.230323  0.491963
13.98  -0.287986  -0.313613  0.008455  -0.078279  -0.231769  0.233810  0.493629
13.99  -0.308088  -0.331267  -0.001518  -0.097776  -0.244727  0.237457  0.495406
14.00  -0.327528  -0.347871  -0.011460  -0.117953  -0.258140  0.241245  0.497685
